報告数・累積報告数、疾病・都道府県別,,,,,,,,,,,,,,,,,,,,,,,,,,,,,,,,,,,,,,,,,,,,,,,,,,,,,,,,,,,,,,,,,,,,,,,,,,,,,,,,,,,,,,,,,,,,,,,,,,,,,,,,,,,,,,,,,,,,,,,,,,,,,,,,,,,,,,,,,,,,,,,,,,,,,,,,,,,,,,,,2013年47週(11月18日～11月24日),2013年11月27日作成,,,,,,,,,,,,,,,,,,,,,,,,,,,,,,,,,,,,,,,,,,,,,,,,,,,,,,,,,,,,,,,,,,,,,,,,,,,,,,,,,,,,,,,,,,,,,,,,,,,,,,,,,,,,,,,,,,,,,,,,,,,,,,,,,,,,,,,,,,,,,,,,,,,,,,,,,,,,,,,,エボラ出血熱,,クリミア・コンゴ出血熱,,痘そう,,南米出血熱,,ペスト,,マールブルグ病,,ラッサ熱,,急性灰白髄炎,,結核,,ジフテリア,,重症急性呼吸器症候群,,鳥インフルエンザ（Ｈ５Ｎ１）,,鳥インフルエンザ（Ｈ７Ｎ９）,,コレラ,,細菌性赤痢,,腸管出血性大腸菌感染症,,腸チフス,,パラチフス,,Ｅ型肝炎,,ウエストナイル熱,,Ａ型肝炎,,エキノコックス症,,黄熱,,オウム病,,オムスク出血熱,,回帰熱,,キャサヌル森林病,,Ｑ熱,,狂犬病,,コクシジオイデス症,,サル痘,,重症熱性血小板減少症候群,,腎症候性出血熱,,西部ウマ脳炎,,ダニ媒介脳炎,,炭疽,,チクングニア熱,,つつが虫病,,デング熱,,東部ウマ脳炎,,鳥インフルエンザ(Ｈ５Ｎ１を除く）,,ニパウイルス感染症,,日本紅斑熱,,日本脳炎,,ハンタウイルス肺症候群,,Ｂウイルス病,,鼻疽,,ブルセラ症,,ベネズエラウマ脳炎,,ヘンドラウイルス感染症,,発しんチフス,,ボツリヌス症,,マラリア,,野兎病,,ライム病,,リッサウイルス感染症,,リフトバレー熱,,類鼻疽,,レジオネラ症,,レプトスピラ症,,ロッキー山紅斑熱,,アメーバ赤痢,,ウイルス性肝炎,,急性脳炎,,クリプトスポリジウム症,,クロイツフェルト・ヤコブ病,,劇症型溶血性レンサ球菌感染症,,後天性免疫不全症候群,,ジアルジア症,,侵襲性インフルエンザ菌感染症,,侵襲性髄膜炎菌感染症,,侵襲性肺炎球菌感染症,,先天性風しん症候群,,梅毒,,破傷風,,バンコマイシン耐性黄色ブドウ球菌感染症,,バンコマイシン耐性腸球菌感染症,,風しん,,麻しん,,髄膜炎菌性髄膜炎,,報告,累積,報告,累積,報告,累積,報告,累積,報告,累積,報告,累積,報告,累積,報告,累積,報告,累積,報告,累積,報告,累積,報告,累積,報告,累積,報告,累積,報告,累積,報告,累積,報告,累積,報告,累積,報告,累積,報告,累積,報告,累積,報告,累積,報告,累積,報告,累積,報告,累積,報告,累積,報告,累積,報告,累積,報告,累積,報告,累積,報告,累積,報告,累積,報告,累積,報告,累積,報告,累積,報告,累積,報告,累積,報告,累積,報告,累積,報告,累積,報告,累積,報告,累積,報告,累積,報告,累積,報告,累積,報告,累積,報告,累積,報告,累積,報告,累積,報告,累積,報告,累積,報告,累積,報告,累積,報告,累積,報告,累積,報告,累積,報告,累積,報告,累積,報告,累積,報告,累積,報告,累積,報告,累積,報告,累積,報告,累積,報告,累積,報告,累積,報告,累積,報告,累積,報告,累積,報告,累積,報告,累積,報告,累積,報告,累積,報告,累積,報告,累積,報告,累積,報告,累積,報告,累積,報告,累積,報告,累積総数,0,0,0,0,0,0,0,0,0,0,0,0,0,0,0,1,356,23890,0,0,0,0,0,0,0,0,0,3,2,131,50,3752,1,63,1,46,3,109,0,0,2,117,0,16,0,0,0,8,0,0,0,1,0,0,0,5,0,0,1,4,0,0,0,42,0,0,0,0,0,0,0,0,1,12,18,229,4,226,0,0,0,0,0,0,2,155,0,8,0,0,0,0,0,0,0,2,0,0,0,0,0,0,0,0,1,45,0,0,1,18,0,0,0,0,0,4,24,1024,1,27,0,0,9,946,2,251,1,314,0,18,1,189,2,186,16,1367,0,77,2,92,0,19,21,765,0,25,11,1093,0,119,0,0,0,48,6,14279,1,213,0,2北海道,0,0,0,0,0,0,0,0,0,0,0,0,0,0,0,0,2,698,0,0,0,0,0,0,0,0,0,0,0,0,2,188,0,0,0,1,0,21,0,0,0,4,0,14,0,0,0,0,0,0,0,1,0,0,0,1,0,0,0,0,0,0,0,0,0,0,0,0,0,0,0,0,0,0,0,0,0,3,0,0,0,0,0,0,0,0,0,0,0,0,0,0,0,0,0,0,0,0,0,0,0,0,0,0,0,1,0,0,0,6,0,0,0,0,0,0,0,27,0,0,0,0,0,24,0,7,0,13,0,10,0,5,0,5,0,28,0,1,0,2,0,0,0,26,0,0,0,22,0,8,0,0,0,1,0,109,0,2,0,0青森県,0,0,0,0,0,0,0,0,0,0,0,0,0,0,0,0,3,278,0,0,0,0,0,0,0,0,0,0,0,0,0,60,0,0,0,0,0,3,0,0,0,0,0,0,0,0,0,0,0,0,0,0,0,0,0,0,0,0,0,0,0,0,0,0,0,0,0,0,0,0,0,0,0,0,0,19,0,0,0,0,0,0,0,0,0,0,0,0,0,0,0,0,0,0,0,0,0,0,0,0,0,0,0,0,0,0,0,0,0,0,0,0,0,0,0,0,0,5,0,0,0,0,0,4,0,0,0,3,0,0,1,3,0,2,0,2,0,0,0,2,0,0,0,1,0,0,0,4,0,1,0,0,0,1,0,8,0,0,0,0岩手県,0,0,0,0,0,0,0,0,0,0,0,0,0,0,0,0,4,207,0,0,0,0,0,0,0,0,0,0,0,0,0,99,0,0,0,0,0,0,0,0,0,0,0,0,0,0,0,0,0,0,0,0,0,0,0,0,0,0,0,0,0,0,0,0,0,0,0,0,0,0,0,0,0,0,0,7,0,0,0,0,0,0,0,0,0,0,0,0,0,0,0,0,0,0,0,0,0,0,0,0,0,0,0,0,0,0,0,0,0,0,0,0,0,0,0,0,0,13,0,1,0,0,0,3,0,0,0,2,0,0,0,1,0,1,0,1,0,0,0,1,0,0,0,2,0,0,0,2,0,1,0,0,0,0,0,8,0,0,0,0宮城県,0,0,0,0,0,0,0,0,0,0,0,0,0,0,0,0,6,314,0,0,0,0,0,0,0,0,0,0,0,1,1,143,0,0,0,1,0,1,0,0,0,2,0,0,0,0,0,0,0,0,0,0,0,0,0,0,0,0,0,0,0,0,0,0,0,0,0,0,0,0,0,0,0,0,0,3,0,0,0,0,0,0,0,0,0,0,0,0,0,0,0,0,0,0,0,0,0,0,0,0,0,0,0,0,0,0,0,0,0,0,0,0,0,0,0,0,0,64,0,1,0,0,1,34,0,5,0,0,0,0,0,9,1,4,0,15,0,0,0,2,0,0,0,16,0,0,0,43,0,3,0,0,0,2,0,104,0,0,0,0秋田県,0,0,0,0,0,0,0,0,0,0,0,0,0,0,0,0,0,158,0,0,0,0,0,0,0,0,0,0,0,1,0,42,0,0,0,0,0,0,0,0,0,0,0,0,0,0,0,0,0,0,0,0,0,0,0,0,0,0,0,0,0,0,0,0,0,0,0,0,0,0,0,0,0,0,0,29,0,0,0,0,0,0,0,0,0,0,0,0,0,0,0,0,0,0,0,0,0,0,0,0,0,0,0,0,0,1,0,0,0,0,0,0,0,0,0,0,0,14,0,0,0,0,0,2,0,3,0,1,0,0,0,2,0,1,0,0,0,3,0,0,0,0,0,2,0,0,0,2,0,2,0,0,0,0,0,4,0,0,0,0山形県,0,0,0,0,0,0,0,0,0,0,0,0,0,0,0,0,2,198,0,0,0,0,0,0,0,0,0,0,0,1,0,42,0,0,0,0,0,0,0,0,0,1,0,0,0,0,0,0,0,0,0,0,0,0,0,0,0,0,0,0,0,0,0,0,0,0,0,0,0,0,0,0,0,0,0,12,0,1,0,0,0,0,0,0,0,0,0,0,0,0,0,0,0,0,0,0,0,0,0,0,0,0,0,0,0,0,0,0,0,0,0,0,0,0,0,0,0,14,0,2,0,0,0,7,0,1,0,0,0,0,0,1,0,0,0,0,0,0,0,1,0,0,0,5,0,0,0,4,0,0,0,0,0,0,0,13,0,0,0,0福島県,0,0,0,0,0,0,0,0,0,0,0,0,0,0,0,0,3,293,0,0,0,0,0,0,0,0,0,0,0,2,0,111,0,0,0,1,0,0,0,0,0,0,0,0,0,0,0,0,0,0,0,0,0,0,0,0,0,0,0,0,0,0,0,0,0,0,0,0,0,0,0,0,0,0,1,26,0,0,0,0,0,0,0,0,0,0,0,0,0,0,0,0,0,0,0,0,0,0,0,0,0,0,0,0,0,1,0,0,0,0,0,0,0,0,0,0,0,19,0,0,0,0,0,11,0,3,0,4,0,0,0,3,0,1,0,2,0,1,0,1,0,0,0,6,0,0,0,10,0,3,0,0,0,0,0,36,0,1,0,0茨城県,0,0,0,0,0,0,0,0,0,0,0,0,0,0,0,0,14,451,0,0,0,0,0,0,0,0,0,0,0,3,3,45,0,0,0,0,0,4,0,0,0,1,0,0,0,0,0,2,0,0,0,0,0,0,0,0,0,0,0,0,0,0,0,0,0,0,0,0,0,0,0,0,0,1,0,2,0,5,0,0,0,0,0,0,0,0,0,0,0,0,0,0,0,0,0,0,0,0,0,0,0,0,0,0,0,3,0,0,0,0,0,0,0,0,0,0,1,34,0,0,0,0,0,11,0,2,0,29,0,0,0,4,0,5,0,20,0,0,0,4,0,0,1,18,0,0,0,18,0,5,0,0,0,1,0,121,0,0,0,0栃木県,0,0,0,0,0,0,0,0,0,0,0,0,0,0,0,0,3,300,0,0,0,0,0,0,0,0,0,0,0,1,0,39,0,1,0,0,0,1,0,0,0,1,0,0,0,0,0,1,0,0,0,0,0,0,0,0,0,0,0,0,0,0,0,0,0,0,0,0,0,0,0,0,0,0,0,3,0,4,0,0,0,0,0,0,0,0,0,0,0,0,0,0,0,0,0,0,0,0,0,0,0,0,0,0,0,1,0,0,0,0,0,0,0,0,0,0,0,28,0,0,0,0,1,10,0,0,1,22,0,0,0,1,0,2,1,15,0,0,0,0,0,0,0,2,0,0,0,10,0,2,0,0,0,0,0,48,0,2,0,0群馬県,0,0,0,0,0,0,0,0,0,0,0,0,0,0,0,0,6,234,0,0,0,0,0,0,0,0,0,0,0,1,0,73,0,1,0,0,1,7,0,0,0,1,0,0,0,0,0,1,0,0,0,0,0,0,0,0,0,0,0,0,0,0,0,0,0,0,0,0,0,0,0,0,0,0,0,5,0,2,0,0,0,0,0,0,0,0,0,0,0,0,0,0,0,0,0,0,0,0,0,0,0,0,0,0,0,0,0,0,0,1,0,0,0,0,0,0,1,29,0,0,0,0,0,12,0,0,0,2,0,0,0,4,0,2,0,16,0,0,0,1,0,0,0,15,0,0,0,11,0,7,0,0,0,0,0,54,0,0,0,0埼玉県,0,0,0,0,0,0,0,0,0,0,0,0,0,0,0,0,12,1145,0,0,0,0,0,0,0,0,0,0,0,4,7,184,0,5,0,1,0,5,0,0,0,3,0,0,0,0,0,0,0,0,0,0,0,0,0,0,0,0,0,0,0,0,0,0,0,0,0,0,0,0,0,0,0,0,0,0,0,5,0,0,0,0,0,0,0,0,0,0,0,0,0,0,0,0,0,0,0,0,0,0,0,0,0,0,0,1,0,0,0,0,0,0,0,0,0,1,2,39,0,0,0,0,0,32,0,6,0,31,0,0,0,10,0,6,0,35,0,2,0,2,0,1,0,37,0,2,0,32,0,4,0,0,0,8,0,607,0,27,0,0千葉県,0,0,0,0,0,0,0,0,0,0,0,0,0,0,0,0,27,1144,0,0,0,0,0,0,0,0,0,0,0,3,1,126,0,6,0,3,1,4,0,0,0,3,0,0,0,0,0,0,0,0,0,0,0,0,0,0,0,0,0,0,0,0,0,0,0,0,0,0,0,0,0,0,0,4,0,3,0,18,0,0,0,0,0,0,0,4,0,0,0,0,0,0,0,0,0,0,0,0,0,0,0,0,0,0,0,1,0,0,0,1,0,0,0,0,0,0,0,53,0,0,0,0,1,63,0,4,0,26,0,1,0,5,0,11,2,67,0,4,0,5,0,1,1,36,0,1,4,51,0,9,0,0,0,1,1,707,0,20,0,0東京都,0,0,0,0,0,0,0,0,0,0,0,0,0,0,0,0,76,3631,0,0,0,0,0,0,0,0,0,0,0,30,3,374,0,20,1,19,1,28,0,0,1,19,0,0,0,0,0,0,0,0,0,0,0,0,0,3,0,0,1,4,0,0,0,0,0,0,0,0,0,0,0,0,0,2,1,8,0,62,0,0,0,0,0,0,0,0,0,0,0,0,0,0,0,0,0,0,0,0,0,0,0,0,0,0,1,10,0,0,0,7,0,0,0,0,0,1,0,73,0,5,0,0,1,168,0,65,0,42,0,7,0,17,0,33,4,416,0,21,1,10,0,10,2,87,0,12,5,378,0,4,0,0,0,7,1,3399,0,62,0,0神奈川県,0,0,0,0,0,0,0,0,0,0,0,0,0,0,0,0,24,1642,0,0,0,0,0,0,0,0,0,0,0,11,0,215,0,8,0,6,0,5,0,0,0,11,0,0,0,0,0,0,0,0,0,0,0,0,0,0,0,0,0,0,0,0,0,0,0,0,0,0,0,0,0,0,0,1,5,8,0,16,0,0,0,0,0,0,0,0,0,0,0,0,0,0,0,0,0,1,0,0,0,0,0,0,0,0,0,2,0,0,0,0,0,0,0,0,0,0,1,57,0,2,0,0,0,81,0,14,0,16,0,0,0,9,0,16,0,100,0,5,0,7,0,1,0,74,0,1,0,63,0,5,0,0,0,5,0,1680,0,33,0,1新潟県,0,0,0,0,0,0,0,0,0,0,0,0,0,0,0,0,7,346,0,0,0,0,0,0,0,0,0,0,0,1,0,55,0,1,0,1,0,2,0,0,0,2,0,0,0,0,0,0,0,0,0,0,0,0,0,0,0,0,0,0,0,0,0,0,0,0,0,0,0,0,0,0,0,0,0,10,0,0,0,0,0,0,0,0,0,0,0,0,0,0,0,0,0,0,0,0,0,0,0,0,0,0,0,0,0,0,0,0,0,1,0,0,0,0,0,0,1,30,0,1,0,0,0,19,0,2,0,9,0,0,0,1,0,3,0,10,0,1,0,0,0,0,0,10,0,0,0,2,0,2,0,0,0,0,0,47,0,1,0,0富山県,0,0,0,0,0,0,0,0,0,0,0,0,0,0,0,0,3,190,0,0,0,0,0,0,0,0,0,0,0,7,0,35,0,0,0,0,0,0,0,0,0,2,0,0,0,0,0,0,0,0,0,0,0,0,0,0,0,0,0,0,0,0,0,0,0,0,0,0,0,0,0,0,0,0,1,2,0,0,0,0,0,0,0,0,0,0,0,0,0,0,0,0,0,0,0,0,0,0,0,0,0,0,0,0,0,1,0,0,0,0,0,0,0,0,0,0,0,36,0,0,0,0,0,8,0,6,0,3,0,0,0,1,0,6,1,4,0,0,0,3,0,0,1,13,0,0,0,6,0,0,0,0,0,0,0,18,0,0,0,0石川県,0,0,0,0,0,0,0,0,0,0,0,0,0,0,0,0,4,181,0,0,0,0,0,0,0,0,0,0,0,1,0,46,0,0,0,0,0,1,0,0,0,1,0,0,0,0,0,0,0,0,0,0,0,0,0,0,0,0,0,0,0,0,0,0,0,0,0,0,0,0,0,0,0,0,0,3,1,1,0,0,0,0,0,0,0,0,0,0,0,0,0,0,0,0,0,0,0,0,0,0,0,0,0,0,0,0,0,0,0,0,0,0,0,0,0,0,0,27,0,0,0,0,0,8,0,1,0,2,0,0,0,4,0,3,0,9,0,0,0,1,0,0,1,11,0,0,0,7,0,1,0,0,0,0,0,26,0,0,0,0福井県,0,0,0,0,0,0,0,0,0,0,0,0,0,0,0,0,0,135,0,0,0,0,0,0,0,0,0,0,0,1,1,23,0,0,0,0,0,0,0,0,0,1,0,0,0,0,0,0,0,0,0,0,0,0,0,0,0,0,0,0,0,0,0,0,0,0,0,0,0,0,0,0,0,0,0,0,0,2,0,0,0,0,0,0,0,0,0,0,0,0,0,0,0,0,0,0,0,0,0,0,0,0,0,0,0,0,0,0,0,0,0,0,0,0,0,0,0,4,0,0,0,0,0,6,0,0,0,1,0,0,0,2,0,1,0,3,0,0,0,0,0,0,0,6,0,0,0,2,0,1,0,0,0,0,0,20,0,0,0,0山梨県,0,0,0,0,0,0,0,0,0,0,0,0,0,0,0,0,0,79,0,0,0,0,0,0,0,0,0,0,0,3,0,11,0,1,0,0,0,3,0,0,0,2,0,0,0,0,0,0,0,0,0,0,0,0,0,0,0,0,0,0,0,0,0,0,0,0,0,0,0,0,0,0,0,0,0,0,0,0,0,0,0,0,0,0,0,0,0,0,0,0,0,0,0,0,0,0,0,0,0,0,0,0,0,0,0,0,0,0,0,0,0,0,0,0,0,0,0,6,0,0,0,0,0,6,0,3,0,2,0,0,0,1,0,1,0,3,0,0,0,0,0,0,0,0,0,0,0,4,0,0,0,0,0,0,1,28,0,0,0,0長野県,0,0,0,0,0,0,0,0,0,0,0,0,0,0,0,0,6,300,0,0,0,0,0,0,0,0,0,0,1,5,0,53,0,0,0,1,0,5,0,0,0,4,0,0,0,0,0,0,0,0,0,0,0,0,0,0,0,0,0,0,0,0,0,0,0,0,0,0,0,0,0,0,0,0,0,8,0,1,0,0,0,0,0,0,0,0,0,0,0,0,0,0,0,0,0,0,0,0,0,0,0,0,0,0,0,2,0,0,0,0,0,0,0,0,0,0,3,29,0,0,0,0,0,14,0,6,0,3,0,0,0,2,0,5,1,16,0,1,0,0,0,0,1,15,0,0,0,8,0,3,0,0,0,0,0,63,0,0,0,0岐阜県,0,0,0,0,0,0,0,0,0,0,0,0,0,0,0,0,4,405,0,0,0,0,0,0,0,0,0,0,0,3,0,55,0,0,0,0,0,0,0,0,1,3,0,0,0,0,0,0,0,0,0,0,0,0,0,0,0,0,0,0,0,0,0,0,0,0,0,0,0,0,0,0,0,0,0,8,0,2,0,0,0,0,0,0,0,0,0,0,0,0,0,0,0,0,0,0,0,0,0,0,0,0,0,0,0,0,0,0,0,0,0,0,0,0,0,1,0,13,0,0,0,0,1,13,0,0,0,2,0,0,0,6,0,2,0,14,0,2,0,1,0,0,1,22,0,0,0,4,0,0,0,0,0,0,0,28,0,0,0,0静岡県,0,0,0,0,0,0,0,0,0,0,0,0,0,0,0,0,17,553,0,0,0,0,0,0,0,0,0,0,0,1,1,79,0,1,0,0,0,4,0,0,0,6,0,0,0,0,0,1,0,0,0,0,0,0,0,0,0,0,0,0,0,0,0,0,0,0,0,0,0,0,0,0,0,0,0,8,0,1,0,0,0,0,0,0,0,1,0,0,0,0,0,0,0,0,0,0,0,0,0,0,0,0,0,0,0,3,0,0,0,0,0,0,0,0,0,0,2,29,0,1,0,0,1,29,0,4,0,14,0,0,0,5,0,7,1,35,0,1,0,2,0,0,0,19,0,0,0,21,0,3,0,0,0,2,0,149,1,6,0,0愛知県,0,0,0,0,0,0,0,0,0,0,0,0,0,0,0,0,24,1724,0,0,0,0,0,0,0,0,0,0,0,16,1,210,0,2,0,2,0,2,0,0,0,3,0,0,0,0,0,0,0,0,0,0,0,0,0,0,0,0,0,0,0,0,0,0,0,0,0,0,0,0,0,0,0,1,0,2,0,14,0,0,0,0,0,0,0,0,0,0,0,0,0,0,0,0,0,0,0,0,0,0,0,0,0,0,0,8,0,0,0,0,0,0,0,0,0,0,2,57,0,0,0,0,2,60,0,14,0,21,0,0,0,9,0,8,1,81,0,2,1,11,0,1,1,60,0,2,0,46,0,4,0,0,0,6,3,369,0,23,0,0三重県,0,0,0,0,0,0,0,0,0,0,0,0,0,0,0,0,5,282,0,0,0,0,0,0,0,0,0,0,0,2,0,60,0,1,0,1,0,4,0,0,0,0,0,0,0,0,0,1,0,0,0,0,0,0,0,0,0,0,0,0,0,0,0,0,0,0,0,0,0,0,0,0,0,0,0,1,0,0,0,0,0,0,0,0,1,40,0,1,0,0,0,0,0,0,0,0,0,0,0,0,0,0,0,0,0,0,0,0,0,0,0,0,0,0,0,0,0,16,0,0,0,0,0,6,0,3,0,2,0,0,0,1,0,2,0,14,0,0,0,1,0,1,0,7,0,1,1,12,0,3,0,0,0,0,0,98,0,4,0,0滋賀県,0,0,0,0,0,0,0,0,0,0,0,0,0,0,0,0,1,250,0,0,0,0,0,0,0,0,0,0,0,2,0,40,0,0,0,0,0,0,0,0,0,0,0,0,0,0,0,0,0,0,0,0,0,0,0,0,0,0,0,0,0,0,0,0,0,0,0,0,0,0,0,0,0,0,0,0,0,0,0,0,0,0,0,0,0,0,0,0,0,0,0,0,0,0,0,0,0,0,0,0,0,0,0,0,0,0,0,0,0,0,0,0,0,0,0,0,1,15,0,0,0,0,0,5,0,1,0,3,0,0,0,2,0,4,0,11,0,0,0,3,0,0,1,10,0,0,0,2,0,0,0,0,0,0,0,122,0,2,0,0京都府,0,0,0,0,0,0,0,0,0,0,0,0,0,0,0,0,3,534,0,0,0,0,0,0,0,0,0,0,0,4,1,60,0,3,0,2,0,1,0,0,0,2,0,0,0,0,0,0,0,0,0,0,0,0,0,0,0,0,0,0,0,0,0,0,0,0,0,0,0,0,0,0,0,0,0,1,0,10,0,0,0,0,0,0,0,0,0,1,0,0,0,0,0,0,0,1,0,0,0,0,0,0,0,0,0,1,0,0,0,0,0,0,0,0,0,0,0,13,0,0,0,0,0,19,0,9,0,2,0,0,0,2,0,0,1,20,0,1,0,3,0,0,0,14,0,0,0,9,0,2,0,0,0,0,0,323,0,5,0,0大阪府,0,0,0,0,0,0,0,0,0,0,0,0,0,0,0,0,33,1595,0,0,0,0,0,0,0,0,0,0,0,12,2,142,0,2,0,4,0,0,0,0,0,17,0,0,0,0,0,0,0,0,0,0,0,0,0,0,0,0,0,0,0,0,0,0,0,0,0,0,0,0,0,0,0,1,0,1,1,33,0,0,0,0,0,0,0,1,0,0,0,0,0,0,0,0,0,0,0,0,0,0,0,0,0,0,0,1,0,0,0,0,0,0,0,0,0,0,2,60,0,1,0,0,1,96,1,20,0,24,0,0,0,10,0,9,3,183,0,10,0,4,0,1,1,43,0,5,0,142,0,3,0,0,0,7,0,3189,0,15,0,1兵庫県,0,0,0,0,0,0,0,0,0,0,0,0,0,0,0,0,9,1135,0,0,0,0,0,0,0,0,0,1,0,1,0,150,0,3,0,1,0,0,0,0,0,5,0,1,0,0,0,0,0,0,0,0,0,0,0,0,0,0,0,0,0,0,0,2,0,0,0,0,0,0,0,0,0,1,0,2,1,8,0,0,0,0,0,0,0,5,0,1,0,0,0,0,0,0,0,0,0,0,0,0,0,0,0,0,0,0,0,0,0,1,0,0,0,0,0,0,1,33,0,0,0,0,0,40,0,10,0,1,0,0,0,12,0,14,0,49,0,6,0,6,0,0,2,37,0,0,0,32,0,3,0,0,0,0,0,1167,0,7,0,0奈良県,0,0,0,0,0,0,0,0,0,0,0,0,0,0,0,0,0,302,0,0,0,0,0,0,0,0,0,0,0,1,0,30,0,0,0,0,0,0,0,0,0,0,0,0,0,0,0,0,0,0,0,0,0,0,0,0,0,0,0,0,0,0,0,0,0,0,0,0,0,0,0,0,1,1,0,0,0,2,0,0,0,0,0,0,0,0,0,0,0,0,0,0,0,0,0,0,0,0,0,0,0,0,0,0,0,2,0,0,1,1,0,0,0,0,0,0,0,9,0,0,0,0,0,7,0,2,0,0,0,0,0,7,0,1,0,6,0,1,0,0,0,0,0,6,0,0,0,6,0,2,0,0,0,0,0,184,0,0,0,0和歌山県,0,0,0,0,0,0,0,0,0,0,0,0,0,0,0,0,3,257,0,0,0,0,0,0,0,0,0,0,0,0,1,28,0,0,0,0,0,0,0,0,0,0,0,0,0,0,0,0,0,0,0,0,0,0,0,0,0,0,0,0,0,0,0,0,0,0,0,0,0,0,0,0,0,0,0,8,0,3,0,0,0,0,0,0,0,18,0,0,0,0,0,0,0,0,0,0,0,0,0,0,0,0,0,0,0,0,0,0,0,0,0,0,0,0,0,0,0,5,0,0,0,0,0,9,0,2,0,1,0,0,0,6,0,0,0,10,0,0,0,3,0,0,0,2,0,1,0,8,0,0,0,0,0,0,0,247,0,0,0,0鳥取県,0,0,0,0,0,0,0,0,0,0,0,0,0,0,0,0,0,89,0,0,0,0,0,0,0,0,0,0,0,0,0,26,0,0,0,0,0,0,0,0,0,0,0,0,0,0,0,0,0,0,0,0,0,0,0,0,0,0,0,0,0,0,0,0,0,0,0,0,0,0,0,0,0,0,0,0,0,0,0,0,0,0,0,0,0,2,0,0,0,0,0,0,0,0,0,0,0,0,0,0,0,0,0,0,0,0,0,0,0,0,0,0,0,0,0,0,0,5,0,0,0,0,0,3,0,0,0,0,0,0,0,2,0,1,0,2,0,1,0,0,0,0,0,4,0,0,0,0,0,0,0,0,0,0,0,32,0,0,0,0島根県,0,0,0,0,0,0,0,0,0,0,0,0,0,0,0,0,2,120,0,0,0,0,0,0,0,0,0,0,0,0,16,40,0,0,0,0,0,0,0,0,0,2,0,0,0,0,0,0,0,0,0,0,0,0,0,0,0,0,0,0,0,0,0,1,0,0,0,0,0,0,0,0,0,0,0,0,0,0,0,0,0,0,0,0,0,4,0,0,0,0,0,0,0,0,0,0,0,0,0,0,0,0,0,0,0,0,0,0,0,0,0,0,0,0,0,0,1,6,0,0,0,0,0,3,0,2,0,0,0,0,0,2,0,0,0,1,0,0,0,0,0,0,2,8,0,0,0,2,0,4,0,0,0,0,0,46,0,0,0,0岡山県,0,0,0,0,0,0,0,0,0,0,0,0,0,0,0,0,1,316,0,0,0,0,0,0,0,0,0,0,0,0,0,78,0,1,0,0,0,0,0,0,0,5,0,0,0,0,0,0,0,0,0,0,0,0,0,0,0,0,0,0,0,0,0,2,0,0,0,0,0,0,0,0,0,0,0,0,0,0,0,0,0,0,0,0,0,1,0,1,0,0,0,0,0,0,0,0,0,0,0,0,0,0,0,0,0,1,0,0,0,0,0,0,0,0,0,0,1,24,1,2,0,0,0,15,0,11,0,5,0,0,0,4,0,2,0,14,0,1,0,1,0,0,0,14,0,0,1,7,0,3,0,0,0,1,0,74,0,1,0,0広島県,0,0,0,0,0,0,0,0,0,0,0,0,0,0,0,0,5,476,0,0,0,0,0,0,0,0,0,1,0,2,1,61,1,2,0,1,0,1,0,0,0,10,0,0,0,0,0,0,0,0,0,0,0,0,0,0,0,0,0,0,0,0,0,4,0,0,0,0,0,0,0,0,0,0,1,9,0,3,0,0,0,0,0,0,1,27,0,0,0,0,0,0,0,0,0,0,0,0,0,0,0,0,0,0,0,1,0,0,0,0,0,0,0,0,0,0,1,26,0,0,0,0,0,13,0,12,0,7,0,0,0,8,0,2,1,28,0,2,0,0,0,1,0,5,0,0,0,12,0,1,0,0,0,0,0,92,0,0,0,0山口県,0,0,0,0,0,0,0,0,0,0,0,0,0,0,0,0,6,250,0,0,0,0,0,0,0,0,0,0,0,1,0,45,0,0,0,0,0,0,0,0,0,1,0,1,0,0,0,0,0,0,0,0,0,0,0,0,0,0,0,0,0,0,0,3,0,0,0,0,0,0,0,0,0,0,0,0,0,0,0,0,0,0,0,0,0,1,0,0,0,0,0,0,0,0,0,0,0,0,0,0,0,0,0,0,0,0,0,0,0,0,0,0,0,0,0,0,1,11,0,0,0,0,0,5,0,0,0,1,0,0,0,1,0,1,0,2,0,2,0,0,0,0,1,10,0,0,0,6,0,1,0,0,0,0,0,32,0,0,0,0徳島県,0,0,0,0,0,0,0,0,0,0,0,0,0,0,0,0,2,148,0,0,0,0,0,0,0,0,0,0,0,1,0,4,0,0,0,0,0,0,0,0,0,0,0,0,0,0,0,0,0,0,0,0,0,0,0,0,0,0,0,0,0,0,0,2,0,0,0,0,0,0,0,0,0,0,0,0,0,0,0,0,0,0,0,0,0,2,0,1,0,0,0,0,0,0,0,0,0,0,0,0,0,0,0,0,0,0,0,0,0,0,0,0,0,0,0,1,0,2,0,0,0,0,0,4,0,1,0,0,0,0,0,0,0,1,0,3,0,0,0,0,0,0,0,4,0,0,0,2,0,4,0,0,0,0,0,30,0,0,0,0香川県,0,0,0,0,0,0,0,0,0,0,0,0,0,0,0,0,0,189,0,0,0,0,0,0,0,0,0,0,0,0,1,22,0,0,0,0,0,0,0,0,0,0,0,0,0,0,0,2,0,0,0,0,0,0,0,0,0,0,0,0,0,0,0,0,0,0,0,0,0,0,0,0,0,0,0,0,0,2,0,0,0,0,0,0,0,1,0,0,0,0,0,0,0,0,0,0,0,0,0,0,0,0,0,0,0,0,0,0,0,0,0,0,0,0,0,0,1,2,0,0,0,0,0,9,0,1,0,0,0,0,0,2,0,2,0,12,0,0,0,2,0,0,1,12,0,0,0,18,0,0,0,0,0,0,0,34,0,0,0,0愛媛県,0,0,0,0,0,0,0,0,0,0,0,0,0,0,0,0,1,188,0,0,0,0,0,0,0,0,0,0,0,1,0,3,0,0,0,1,0,1,0,0,0,0,0,0,0,0,0,0,0,0,0,0,0,0,0,0,0,0,0,0,0,0,0,7,0,0,0,0,0,0,0,0,0,0,0,0,0,1,0,0,0,0,0,0,0,5,0,0,0,0,0,0,0,0,0,0,0,0,0,0,0,0,0,0,0,0,0,0,0,0,0,0,0,0,0,0,0,5,0,0,0,0,0,7,0,1,0,0,0,0,0,4,1,6,0,5,0,2,0,0,0,0,0,6,0,0,0,0,0,3,0,0,0,0,0,32,0,0,0,0高知県,0,0,0,0,0,0,0,0,0,0,0,0,0,0,0,0,2,119,0,0,0,0,0,0,0,0,0,0,0,0,0,3,0,0,0,0,0,0,0,0,0,0,0,0,0,0,0,0,0,0,0,0,0,0,0,0,0,0,0,0,0,0,0,3,0,0,0,0,0,0,0,0,0,0,0,2,0,3,0,0,0,0,0,0,0,1,0,0,0,0,0,0,0,0,0,0,0,0,0,0,0,0,0,0,0,0,0,0,0,0,0,0,0,0,0,0,0,1,0,0,0,0,0,0,0,0,0,0,0,0,0,0,0,0,0,2,0,0,0,0,0,0,0,1,0,0,0,6,0,0,0,0,0,0,0,8,0,0,0,0福岡県,0,0,0,0,0,0,0,0,0,0,0,0,0,0,0,0,14,1043,0,0,0,0,0,0,0,0,0,0,1,5,2,256,0,3,0,0,0,2,0,0,0,3,0,0,0,0,0,0,0,0,0,0,0,0,0,0,0,0,0,0,0,0,0,0,0,0,0,0,0,0,0,0,0,0,0,0,0,11,0,0,0,0,0,0,0,3,0,0,0,0,0,0,0,0,0,0,0,0,0,0,0,0,0,0,0,3,0,0,0,0,0,0,0,0,0,0,0,31,0,0,0,0,0,45,1,11,0,7,0,0,0,9,0,3,0,55,0,4,0,7,0,0,2,43,0,0,0,44,0,5,0,0,0,3,0,302,0,2,0,0佐賀県,0,0,0,0,0,0,0,0,0,0,0,0,0,0,0,0,4,180,0,0,0,0,0,0,0,0,0,0,0,0,0,67,0,0,0,0,0,0,0,0,0,0,0,0,0,0,0,0,0,0,0,0,0,0,0,0,0,0,0,0,0,0,0,2,0,0,0,0,0,0,0,0,0,0,2,3,0,1,0,0,0,0,0,0,0,1,0,0,0,0,0,0,0,0,0,0,0,0,0,0,0,0,0,0,0,0,0,0,0,0,0,0,0,0,0,0,0,1,0,0,0,0,0,3,0,1,0,1,0,0,0,2,0,1,0,7,0,1,0,0,0,0,0,4,0,0,0,1,0,1,0,0,0,0,0,43,0,0,0,0長崎県,0,0,0,0,0,0,0,0,0,0,0,0,0,0,0,0,3,336,0,0,0,0,0,0,0,0,0,0,0,0,4,49,0,1,0,0,0,0,0,0,0,0,0,0,0,0,0,0,0,0,0,0,0,0,0,0,0,0,0,0,0,0,0,4,0,0,0,0,0,0,0,0,0,0,1,4,0,1,0,0,0,0,0,0,0,2,0,1,0,0,0,0,0,0,0,0,0,0,0,0,0,0,0,0,0,0,0,0,0,0,0,0,0,0,0,0,0,6,0,0,0,0,0,7,0,3,0,1,0,0,0,1,0,3,0,2,0,0,0,0,0,0,0,3,0,0,0,2,0,3,0,0,0,0,0,21,0,0,0,0熊本県,0,0,0,0,0,0,0,0,0,0,0,0,0,0,0,0,0,259,0,0,0,0,0,0,0,0,0,0,0,1,0,83,0,1,0,0,0,3,0,0,0,0,0,0,0,0,0,0,0,0,0,0,0,0,0,0,0,0,0,0,0,0,0,3,0,0,0,0,0,0,0,0,0,0,0,0,0,2,0,0,0,0,0,0,0,13,0,2,0,0,0,0,0,0,0,0,0,0,0,0,0,0,0,0,0,0,0,0,0,0,0,0,0,0,0,0,1,16,0,0,0,0,0,7,0,1,0,0,0,0,0,2,0,3,0,9,0,0,0,0,0,0,1,16,0,0,0,6,0,1,0,0,0,3,0,65,0,0,0,0大分県,0,0,0,0,0,0,0,0,0,0,0,0,0,0,0,0,6,274,0,0,0,0,0,0,0,0,0,0,0,2,0,25,0,0,0,0,0,0,0,0,0,0,0,0,0,0,0,0,0,0,0,0,0,0,0,1,0,0,0,0,0,0,0,0,0,0,0,0,0,0,0,0,0,0,0,2,0,1,0,0,0,0,0,0,0,0,0,0,0,0,0,0,0,0,0,0,0,0,0,0,0,0,0,0,0,1,0,0,0,0,0,0,0,0,0,0,1,13,0,0,0,0,0,2,0,1,0,0,0,0,0,0,0,0,0,6,0,0,0,0,0,0,0,4,0,0,0,3,0,4,0,0,0,0,0,31,0,0,0,0宮崎県,0,0,0,0,0,0,0,0,0,0,0,0,0,0,0,1,4,232,0,0,0,0,0,0,0,0,0,1,0,0,1,94,0,0,0,0,0,1,0,0,0,1,0,0,0,0,0,0,0,0,0,0,0,0,0,0,0,0,0,0,0,0,0,4,0,0,0,0,0,0,0,0,0,0,3,9,0,3,0,0,0,0,0,0,0,10,0,0,0,0,0,0,0,0,0,0,0,0,0,0,0,0,0,0,0,0,0,0,0,0,0,0,0,0,0,0,0,8,0,1,0,0,0,11,0,3,0,7,0,0,0,3,0,2,0,8,0,0,0,0,0,1,0,2,0,0,0,7,0,4,0,0,0,0,0,23,0,0,0,0鹿児島県,0,0,0,0,0,0,0,0,0,0,0,0,0,0,0,0,5,281,0,0,0,0,0,0,0,0,0,0,0,0,1,64,0,0,0,0,0,0,0,0,0,1,0,0,0,0,0,0,0,0,0,0,0,0,0,0,0,0,0,0,0,0,0,5,0,0,0,0,0,0,0,0,0,0,3,20,1,4,0,0,0,0,0,0,0,13,0,0,0,0,0,0,0,0,0,0,0,0,0,0,0,0,0,0,0,0,0,0,0,0,0,0,0,0,0,0,0,3,0,3,0,0,0,2,0,4,0,0,0,0,0,4,0,1,0,9,0,0,0,1,0,0,1,11,0,0,0,6,0,3,0,0,0,0,0,386,0,0,0,0沖縄県,0,0,0,0,0,0,0,0,0,0,0,0,0,0,0,0,0,429,0,0,0,0,0,0,0,0,0,0,0,0,0,14,0,0,0,0,0,0,0,0,0,0,0,0,0,0,0,0,0,0,0,0,0,0,0,0,0,0,0,0,0,0,0,0,0,0,0,0,0,0,0,0,0,0,0,1,0,1,0,0,0,0,0,0,0,0,0,0,0,0,0,0,0,0,0,0,0,0,0,0,0,0,0,0,0,0,0,0,0,0,0,0,0,0,0,0,0,13,0,7,0,0,0,3,0,6,0,4,0,0,0,0,0,3,0,17,0,2,0,5,0,1,0,16,0,0,0,10,0,1,0,0,0,0,0,52,0,0,0,0