年,週,都道府県,エボラ出血熱_報告,エボラ出血熱_累積,クリミア・コンゴ出血熱_報告,クリミア・コンゴ出血熱_累積,痘そう_報告,痘そう_累積,南米出血熱_報告,南米出血熱_累積,ペスト_報告,ペスト_累積,マールブルグ病_報告,マールブルグ病_累積,ラッサ熱_報告,ラッサ熱_累積,急性灰白髄炎_報告,急性灰白髄炎_累積,結核_報告,結核_累積,ジフテリア_報告,ジフテリア_累積,重症急性呼吸器症候群_報告,重症急性呼吸器症候群_累積,中東呼吸器症候群_報告,中東呼吸器症候群_累積,鳥インフルエンザ（Ｈ５Ｎ１）_報告,鳥インフルエンザ（Ｈ５Ｎ１）_累積,鳥インフルエンザ（Ｈ７Ｎ９）_報告,鳥インフルエンザ（Ｈ７Ｎ９）_累積,コレラ_報告,コレラ_累積,細菌性赤痢_報告,細菌性赤痢_累積,腸管出血性大腸菌感染症_報告,腸管出血性大腸菌感染症_累積,腸チフス_報告,腸チフス_累積,パラチフス_報告,パラチフス_累積,Ｅ型肝炎_報告,Ｅ型肝炎_累積,ウエストナイル熱_報告,ウエストナイル熱_累積,Ａ型肝炎_報告,Ａ型肝炎_累積,エキノコックス症_報告,エキノコックス症_累積,エムポックス_報告,エムポックス_累積,黄熱_報告,黄熱_累積,オウム病_報告,オウム病_累積,オムスク出血熱_報告,オムスク出血熱_累積,回帰熱_報告,回帰熱_累積,キャサヌル森林病_報告,キャサヌル森林病_累積,Ｑ熱_報告,Ｑ熱_累積,狂犬病_報告,狂犬病_累積,コクシジオイデス症_報告,コクシジオイデス症_累積,ジカウイルス感染症_報告,ジカウイルス感染症_累積,重症熱性血小板減少症候群_報告,重症熱性血小板減少症候群_累積,腎症候性出血熱_報告,腎症候性出血熱_累積,西部ウマ脳炎_報告,西部ウマ脳炎_累積,ダニ媒介脳炎_報告,ダニ媒介脳炎_累積,炭疽_報告,炭疽_累積,チクングニア熱_報告,チクングニア熱_累積,つつが虫病_報告,つつが虫病_累積,デング熱_報告,デング熱_累積,東部ウマ脳炎_報告,東部ウマ脳炎_累積,鳥インフルエンザ(Ｈ５Ｎ１を除く）_報告,鳥インフルエンザ(Ｈ５Ｎ１を除く）_累積,ニパウイルス感染症_報告,ニパウイルス感染症_累積,日本紅斑熱_報告,日本紅斑熱_累積,日本脳炎_報告,日本脳炎_累積,ハンタウイルス肺症候群_報告,ハンタウイルス肺症候群_累積,Ｂウイルス病_報告,Ｂウイルス病_累積,鼻疽_報告,鼻疽_累積,ブルセラ症_報告,ブルセラ症_累積,ベネズエラウマ脳炎_報告,ベネズエラウマ脳炎_累積,ヘンドラウイルス感染症_報告,ヘンドラウイルス感染症_累積,発しんチフス_報告,発しんチフス_累積,ボツリヌス症_報告,ボツリヌス症_累積,マラリア_報告,マラリア_累積,野兎病_報告,野兎病_累積,ライム病_報告,ライム病_累積,リッサウイルス感染症_報告,リッサウイルス感染症_累積,リフトバレー熱_報告,リフトバレー熱_累積,類鼻疽_報告,類鼻疽_累積,レジオネラ症_報告,レジオネラ症_累積,レプトスピラ症_報告,レプトスピラ症_累積,ロッキー山紅斑熱_報告,ロッキー山紅斑熱_累積,アメーバ赤痢_報告,アメーバ赤痢_累積,ウイルス性肝炎_報告,ウイルス性肝炎_累積,カルバペネム耐性腸内細菌目細菌感染症_報告,カルバペネム耐性腸内細菌目細菌感染症_累積,急性弛緩性麻痺_報告,急性弛緩性麻痺_累積,急性脳炎_報告,急性脳炎_累積,クリプトスポリジウム症_報告,クリプトスポリジウム症_累積,クロイツフェルト・ヤコブ病_報告,クロイツフェルト・ヤコブ病_累積,劇症型溶血性レンサ球菌感染症_報告,劇症型溶血性レンサ球菌感染症_累積,後天性免疫不全症候群_報告,後天性免疫不全症候群_累積,ジアルジア症_報告,ジアルジア症_累積,侵襲性インフルエンザ菌感染症_報告,侵襲性インフルエンザ菌感染症_累積,侵襲性髄膜炎菌感染症_報告,侵襲性髄膜炎菌感染症_累積,侵襲性肺炎球菌感染症_報告,侵襲性肺炎球菌感染症_累積,水痘（入院例）_報告,水痘（入院例）_累積,先天性風しん症候群_報告,先天性風しん症候群_累積,梅毒_報告,梅毒_累積,播種性クリプトコックス症_報告,播種性クリプトコックス症_累積,破傷風_報告,破傷風_累積,バンコマイシン耐性黄色ブドウ球菌感染症_報告,バンコマイシン耐性黄色ブドウ球菌感染症_累積,バンコマイシン耐性腸球菌感染症_報告,バンコマイシン耐性腸球菌感染症_累積,百日咳_報告,百日咳_累積,風しん_報告,風しん_累積,麻しん_報告,麻しん_累積,薬剤耐性アシネトバクター感染症_報告,薬剤耐性アシネトバクター感染症_累積
2026,10,総数,0,0,0,0,0,0,0,0,0,0,0,0,0,0,0,0,249,2436,0,0,0,0,0,0,0,0,0,0,0,0,3,13,17,278,0,5,0,4,7,130,0,0,4,28,0,1,2,21,0,0,0,1,0,0,0,0,0,0,0,0,0,0,0,0,0,0,1,5,0,0,0,0,0,0,0,0,0,0,0,31,2,20,0,0,0,0,0,0,0,5,0,0,0,0,0,0,0,0,0,0,0,0,0,0,0,0,0,0,2,5,0,0,0,0,0,0,0,0,0,0,27,337,0,2,0,0,8,81,2,37,11,177,0,6,10,95,0,3,3,27,20,314,15,158,1,6,3,95,1,12,49,638,9,133,0,0,156,1903,3,40,1,14,0,0,0,13,100,1838,0,1,17,100,0,5
2026,10,北海道,0,0,0,0,0,0,0,0,0,0,0,0,0,0,0,0,9,86,0,0,0,0,0,0,0,0,0,0,0,0,0,0,4,10,0,1,0,0,0,9,0,0,0,0,0,1,0,0,0,0,0,0,0,0,0,0,0,0,0,0,0,0,0,0,0,0,0,0,0,0,0,0,0,0,0,0,0,0,0,0,0,0,0,0,0,0,0,0,0,0,0,0,0,0,0,0,0,0,0,0,0,0,0,0,0,0,0,0,0,0,0,0,0,0,0,0,0,0,0,0,2,9,0,0,0,0,0,1,0,0,0,2,0,0,0,3,0,0,0,2,1,17,1,10,0,0,0,4,0,1,0,11,0,8,0,0,6,82,0,1,0,0,0,0,0,0,12,165,0,0,0,1,0,0
2026,10,青森県,0,0,0,0,0,0,0,0,0,0,0,0,0,0,0,0,2,14,0,0,0,0,0,0,0,0,0,0,0,0,0,0,0,3,0,0,0,0,0,0,0,0,1,2,0,0,0,0,0,0,0,0,0,0,0,0,0,0,0,0,0,0,0,0,0,0,0,0,0,0,0,0,0,0,0,0,0,0,0,0,0,0,0,0,0,0,0,0,0,0,0,0,0,0,0,0,0,0,0,0,0,0,0,0,0,0,0,0,0,0,0,0,0,0,0,0,0,0,0,0,0,0,0,0,0,0,0,0,0,0,0,0,0,0,0,0,0,0,1,1,0,3,0,1,0,0,0,2,0,0,0,5,0,5,0,0,0,1,0,0,0,0,0,0,0,0,1,9,0,0,0,0,0,0
2026,10,岩手県,0,0,0,0,0,0,0,0,0,0,0,0,0,0,0,0,2,21,0,0,0,0,0,0,0,0,0,0,0,0,0,0,0,4,0,0,0,0,0,0,0,0,0,0,0,0,0,0,0,0,0,0,0,0,0,0,0,0,0,0,0,0,0,0,0,0,0,0,0,0,0,0,0,0,0,0,0,0,0,0,0,0,0,0,0,0,0,0,0,0,0,0,0,0,0,0,0,0,0,0,0,0,0,0,0,0,0,0,0,0,0,0,0,0,0,0,0,0,0,0,0,4,0,0,0,0,0,0,0,1,0,0,0,0,0,0,0,0,0,1,0,3,1,1,0,0,0,0,0,0,0,5,0,4,0,0,0,6,0,0,0,0,0,0,0,0,1,10,0,0,0,4,0,0
2026,10,宮城県,0,0,0,0,0,0,0,0,0,0,0,0,0,0,0,0,0,29,0,0,0,0,0,0,0,0,0,0,0,0,0,1,0,5,0,0,0,0,0,2,0,0,0,0,0,0,0,0,0,0,0,0,0,0,0,0,0,0,0,0,0,0,0,0,0,0,0,0,0,0,0,0,0,0,0,0,0,0,0,0,0,0,0,0,0,0,0,0,0,0,0,0,0,0,0,0,0,0,0,0,0,0,0,0,0,0,0,0,0,0,0,0,0,0,0,0,0,0,0,0,0,5,0,0,0,0,0,0,0,0,1,2,0,0,0,0,0,0,0,0,1,6,0,2,0,0,0,1,0,0,0,8,0,2,0,0,2,32,0,1,0,1,0,0,0,0,1,25,0,0,0,0,0,0
2026,10,秋田県,0,0,0,0,0,0,0,0,0,0,0,0,0,0,0,0,0,9,0,0,0,0,0,0,0,0,0,0,0,0,0,0,0,1,0,0,0,0,0,3,0,0,0,0,0,0,0,0,0,0,0,0,0,0,0,0,0,0,0,0,0,0,0,0,0,0,0,0,0,0,0,0,0,0,0,0,0,0,0,0,0,0,0,0,0,0,0,0,0,0,0,0,0,0,0,0,0,0,0,0,0,0,0,0,0,0,0,0,0,0,0,0,0,0,0,0,0,0,0,0,1,5,0,0,0,0,0,1,0,0,0,3,0,0,0,0,0,0,0,0,0,0,0,0,0,0,0,1,0,0,0,2,1,3,0,0,0,3,0,0,0,0,0,0,0,1,0,11,0,0,0,0,0,0
2026,10,山形県,0,0,0,0,0,0,0,0,0,0,0,0,0,0,0,0,3,14,0,0,0,0,0,0,0,0,0,0,0,0,0,0,0,1,0,0,0,0,0,1,0,0,0,0,0,0,0,0,0,0,0,0,0,0,0,0,0,0,0,0,0,0,0,0,0,0,0,0,0,0,0,0,0,0,0,0,0,0,0,0,0,1,0,0,0,0,0,0,0,0,0,0,0,0,0,0,0,0,0,0,0,0,0,0,0,0,0,0,0,1,0,0,0,0,0,0,0,0,0,0,0,4,0,0,0,0,0,0,0,0,0,0,0,0,0,0,0,0,0,0,0,1,0,2,0,0,0,1,0,0,0,5,0,0,0,0,0,5,0,0,0,0,0,0,0,0,1,12,0,0,0,0,0,0
2026,10,福島県,0,0,0,0,0,0,0,0,0,0,0,0,0,0,0,0,1,16,0,0,0,0,0,0,0,0,0,0,0,0,0,0,0,2,0,0,0,0,0,1,0,0,0,0,0,0,0,0,0,0,0,0,0,0,0,0,0,0,0,0,0,0,0,0,0,0,0,0,0,0,0,0,0,0,0,0,0,0,0,1,0,0,0,0,0,0,0,0,0,0,0,0,0,0,0,0,0,0,0,0,0,0,0,0,0,0,0,0,0,0,0,0,0,0,0,0,0,0,0,0,2,9,0,0,0,0,0,0,1,1,0,3,0,0,0,3,0,0,0,1,1,7,0,2,0,0,0,0,0,0,2,8,0,0,0,0,2,16,0,0,0,0,0,0,0,0,0,16,0,0,0,0,0,0
2026,10,茨城県,0,0,0,0,0,0,0,0,0,0,0,0,0,0,0,0,6,79,0,0,0,0,0,0,0,0,0,0,0,0,1,2,2,5,0,0,0,0,0,7,0,0,1,3,0,0,0,0,0,0,0,0,0,0,0,0,0,0,0,0,0,0,0,0,0,0,0,0,0,0,0,0,0,0,0,0,0,0,0,0,0,0,0,0,0,0,0,0,0,0,0,0,0,0,0,0,0,0,0,0,0,0,0,0,0,0,0,0,0,0,0,0,0,0,0,0,0,0,0,0,1,6,0,0,0,0,0,1,0,2,0,3,0,0,0,0,0,0,0,3,1,5,0,3,0,0,0,3,0,0,1,17,0,3,0,0,2,24,0,0,0,0,0,0,0,0,3,46,0,0,0,1,0,0
2026,10,栃木県,0,0,0,0,0,0,0,0,0,0,0,0,0,0,0,0,0,28,0,0,0,0,0,0,0,0,0,0,0,0,0,0,0,1,0,0,0,0,0,1,0,0,0,0,0,0,0,0,0,0,0,0,0,0,0,0,0,0,0,0,0,0,0,0,0,0,0,0,0,0,0,0,0,0,0,0,0,0,0,0,0,0,0,0,0,0,0,0,0,0,0,0,0,0,0,0,0,0,0,0,0,0,0,0,0,0,0,0,0,0,0,0,0,0,0,0,0,0,0,0,1,11,0,0,0,0,0,0,0,0,0,2,0,0,0,1,0,0,0,0,0,2,1,2,0,0,0,2,0,1,0,20,0,1,0,0,1,20,0,2,0,0,0,0,0,1,3,11,0,0,0,4,0,0
2026,10,群馬県,0,0,0,0,0,0,0,0,0,0,0,0,0,0,0,0,4,26,0,0,0,0,0,0,0,0,0,0,0,0,0,0,1,6,0,0,0,0,1,4,0,0,0,0,0,0,0,0,0,0,0,0,0,0,0,0,0,0,0,0,0,0,0,0,0,0,0,0,0,0,0,0,0,0,0,0,0,0,0,0,0,1,0,0,0,0,0,0,0,1,0,0,0,0,0,0,0,0,0,0,0,0,0,0,0,0,0,0,0,0,0,0,0,0,0,0,0,0,0,0,0,6,0,0,0,0,0,0,0,1,0,2,0,0,0,0,0,0,0,0,0,6,0,5,0,0,0,1,0,0,0,8,0,0,0,0,2,26,0,0,0,0,0,0,0,0,3,36,0,0,0,0,0,0
2026,10,埼玉県,0,0,0,0,0,0,0,0,0,0,0,0,0,0,0,0,0,68,0,0,0,0,0,0,0,0,0,0,0,0,0,0,2,24,0,0,0,0,1,19,0,0,0,0,0,0,0,0,0,0,0,0,0,0,0,0,0,0,0,0,0,0,0,0,0,0,0,0,0,0,0,0,0,0,0,0,0,0,0,0,0,0,0,0,0,0,0,0,0,0,0,0,0,0,0,0,0,0,0,0,0,0,0,0,0,0,0,0,0,0,0,0,0,0,0,0,0,0,0,0,0,16,0,0,0,0,1,5,0,5,1,10,0,1,0,13,0,0,0,1,0,14,1,4,0,0,1,5,0,2,2,24,1,3,0,0,8,88,0,1,0,1,0,0,0,1,6,122,0,0,0,6,0,1
2026,10,千葉県,0,0,0,0,0,0,0,0,0,0,0,0,0,0,0,0,14,138,0,0,0,0,0,0,0,0,0,0,0,0,0,0,0,8,0,0,0,1,1,12,0,0,0,1,0,0,0,0,0,0,0,0,0,0,0,0,0,0,0,0,0,0,0,0,0,0,0,0,0,0,0,0,0,0,0,0,0,0,0,8,0,1,0,0,0,0,0,0,0,0,0,0,0,0,0,0,0,0,0,0,0,0,0,0,0,0,0,0,0,0,0,0,0,0,0,0,0,0,0,0,2,19,0,0,0,0,0,5,0,2,3,10,0,1,1,15,0,0,0,2,2,11,0,6,0,1,0,3,0,0,2,28,1,6,0,0,2,45,0,0,0,0,0,0,0,0,3,89,0,0,0,8,0,0
2026,10,東京都,0,0,0,0,0,0,0,0,0,0,0,0,0,0,0,0,40,352,0,0,0,0,0,0,0,0,0,0,0,0,2,7,0,35,0,2,0,1,0,31,0,0,1,5,0,0,2,21,0,0,0,0,0,0,0,0,0,0,0,0,0,0,0,0,0,0,0,0,0,0,0,0,0,0,0,0,0,0,0,0,1,6,0,0,0,0,0,0,0,0,0,0,0,0,0,0,0,0,0,0,0,0,0,0,0,0,0,0,0,0,0,0,0,0,0,0,0,0,0,0,1,31,0,1,0,0,2,21,0,10,1,18,0,4,0,5,0,1,0,4,1,32,5,56,0,3,0,14,0,1,4,61,1,18,0,0,34,492,0,7,0,3,0,0,0,2,7,197,0,1,9,19,0,0
2026,10,神奈川県,0,0,0,0,0,0,0,0,0,0,0,0,0,0,0,0,19,159,0,0,0,0,0,0,0,0,0,0,0,0,0,0,1,20,0,0,0,0,1,18,0,0,1,3,0,0,0,0,0,0,0,0,0,0,0,0,0,0,0,0,0,0,0,0,0,0,0,0,0,0,0,0,0,0,0,0,0,0,0,0,0,5,0,0,0,0,0,0,0,0,0,0,0,0,0,0,0,0,0,0,0,0,0,0,0,0,0,0,0,1,0,0,0,0,0,0,0,0,0,0,0,28,0,0,0,0,1,4,0,4,0,7,0,0,1,3,0,0,0,1,4,42,1,8,0,1,0,8,0,0,5,38,0,8,0,0,7,118,0,5,0,0,0,0,0,0,6,97,0,0,4,10,0,1
2026,10,新潟県,0,0,0,0,0,0,0,0,0,0,0,0,0,0,0,0,3,22,0,0,0,0,0,0,0,0,0,0,0,0,0,0,0,3,0,0,0,0,0,1,0,0,0,2,0,0,0,0,0,0,0,0,0,0,0,0,0,0,0,0,0,0,0,0,0,0,0,0,0,0,0,0,0,0,0,0,0,0,0,0,0,0,0,0,0,0,0,0,0,0,0,0,0,0,0,0,0,0,0,0,0,0,0,0,0,0,0,0,0,0,0,0,0,0,0,0,0,0,0,0,1,1,0,0,0,0,0,1,0,0,0,0,0,0,1,2,0,0,0,0,0,3,1,1,0,0,0,2,0,0,0,6,0,2,0,0,0,26,0,2,0,0,0,0,0,0,1,44,0,0,0,10,0,0
2026,10,富山県,0,0,0,0,0,0,0,0,0,0,0,0,0,0,0,0,3,16,0,0,0,0,0,0,0,0,0,0,0,0,0,0,0,0,0,0,0,0,0,0,0,0,0,0,0,0,0,0,0,0,0,0,0,0,0,0,0,0,0,0,0,0,0,0,0,0,0,0,0,0,0,0,0,0,0,0,0,0,0,0,0,0,0,0,0,0,0,0,0,0,0,0,0,0,0,0,0,0,0,0,0,0,0,0,0,0,0,0,0,0,0,0,0,0,0,0,0,0,0,0,2,6,0,0,0,0,0,0,0,0,0,0,0,0,0,2,0,0,0,0,0,3,0,0,0,0,0,1,0,0,1,5,0,0,0,0,1,7,0,0,0,0,0,0,0,0,0,7,0,0,0,0,0,0
2026,10,石川県,0,0,0,0,0,0,0,0,0,0,0,0,0,0,0,0,3,22,0,0,0,0,0,0,0,0,0,0,0,0,0,0,0,4,0,0,0,2,0,0,0,0,0,0,0,0,0,0,0,0,0,0,0,0,0,0,0,0,0,0,0,0,0,0,0,0,0,0,0,0,0,0,0,0,0,0,0,0,0,0,0,0,0,0,0,0,0,0,0,0,0,0,0,0,0,0,0,0,0,0,0,0,0,0,0,0,0,0,0,0,0,0,0,0,0,0,0,0,0,0,0,2,0,0,0,0,0,1,0,1,0,0,0,0,0,0,0,0,0,0,2,4,0,0,0,0,0,1,0,0,0,7,1,2,0,0,0,15,0,0,0,0,0,0,0,0,2,14,0,0,0,0,0,0
2026,10,福井県,0,0,0,0,0,0,0,0,0,0,0,0,0,0,0,0,1,8,0,0,0,0,0,0,0,0,0,0,0,0,0,0,0,10,0,0,0,0,0,2,0,0,0,0,0,0,0,0,0,0,0,0,0,0,0,0,0,0,0,0,0,0,0,0,0,0,0,0,0,0,0,0,0,0,0,0,0,0,0,0,0,0,0,0,0,0,0,0,0,0,0,0,0,0,0,0,0,0,0,0,0,0,0,0,0,0,0,0,0,0,0,0,0,0,0,0,0,0,0,0,0,1,0,0,0,0,0,1,0,0,0,0,0,0,0,0,0,0,0,0,0,2,0,0,0,0,0,0,0,0,0,1,0,1,0,0,1,9,0,1,0,0,0,0,0,0,0,6,0,0,0,0,0,0
2026,10,山梨県,0,0,0,0,0,0,0,0,0,0,0,0,0,0,0,0,2,8,0,0,0,0,0,0,0,0,0,0,0,0,0,0,0,1,0,0,0,0,0,0,0,0,0,0,0,0,0,0,0,0,0,0,0,0,0,0,0,0,0,0,0,0,0,0,0,0,0,0,0,0,0,0,0,0,0,0,0,0,0,0,0,0,0,0,0,0,0,0,0,0,0,0,0,0,0,0,0,0,0,0,0,0,0,0,0,0,0,0,0,0,0,0,0,0,0,0,0,0,0,0,0,0,0,0,0,0,0,0,0,0,0,0,0,0,0,0,0,0,0,0,0,3,1,1,0,0,0,0,0,0,0,1,0,0,0,0,0,3,0,0,0,0,0,0,0,0,0,6,0,0,0,0,0,0
2026,10,長野県,0,0,0,0,0,0,0,0,0,0,0,0,0,0,0,0,4,27,0,0,0,0,0,0,0,0,0,0,0,0,0,0,1,4,0,0,0,0,1,5,0,0,0,0,0,0,0,0,0,0,0,0,0,0,0,0,0,0,0,0,0,0,0,0,0,0,0,0,0,0,0,0,0,0,0,0,0,0,0,0,0,0,0,0,0,0,0,0,0,0,0,0,0,0,0,0,0,0,0,0,0,0,0,0,0,0,0,0,0,0,0,0,0,0,0,0,0,0,0,0,0,3,0,0,0,0,0,0,0,0,0,3,0,0,0,1,0,0,0,0,0,5,0,0,0,0,0,0,0,0,1,10,0,0,0,0,0,11,1,1,1,1,0,0,0,0,4,35,0,0,1,1,0,0
2026,10,岐阜県,0,0,0,0,0,0,0,0,0,0,0,0,0,0,0,0,9,48,0,0,0,0,0,0,0,0,0,0,0,0,0,0,0,5,0,0,0,0,0,1,0,0,0,0,0,0,0,0,0,0,0,0,0,0,0,0,0,0,0,0,0,0,0,0,0,0,0,0,0,0,0,0,0,0,0,0,0,0,0,0,1,1,0,0,0,0,0,0,0,0,0,0,0,0,0,0,0,0,0,0,0,0,0,0,0,0,0,0,0,0,0,0,0,0,0,0,0,0,0,0,0,5,0,0,0,0,0,2,0,1,0,5,0,0,0,0,0,0,0,0,0,6,1,6,0,0,0,1,0,0,1,11,0,3,0,0,4,34,0,0,0,1,0,0,0,0,5,31,0,0,0,1,0,0
2026,10,静岡県,0,0,0,0,0,0,0,0,0,0,0,0,0,0,0,0,3,57,0,0,0,0,0,0,0,0,0,0,0,0,0,2,0,1,0,0,0,0,0,2,0,0,0,1,0,0,0,0,0,0,0,1,0,0,0,0,0,0,0,0,0,0,0,0,0,0,1,1,0,0,0,0,0,0,0,0,0,0,0,0,0,0,0,0,0,0,0,0,0,0,0,0,0,0,0,0,0,0,0,0,0,0,0,0,0,0,0,0,0,0,0,0,0,0,0,0,0,0,0,0,0,15,0,0,0,0,0,3,0,1,0,6,0,0,0,4,0,0,0,1,3,11,0,2,0,0,0,1,0,0,2,12,1,7,0,0,5,56,0,0,0,0,0,0,0,0,4,52,0,0,0,0,0,0
2026,10,愛知県,0,0,0,0,0,0,0,0,0,0,0,0,0,0,0,0,26,185,0,0,0,0,0,0,0,0,0,0,0,0,0,0,1,12,0,0,0,0,1,2,0,0,0,1,0,0,0,0,0,0,0,0,0,0,0,0,0,0,0,0,0,0,0,0,0,0,0,1,0,0,0,0,0,0,0,0,0,0,0,0,0,2,0,0,0,0,0,0,0,0,0,0,0,0,0,0,0,0,0,0,0,0,0,0,0,0,0,0,1,1,0,0,0,0,0,0,0,0,0,0,0,26,0,0,0,0,1,4,0,1,0,9,0,0,0,6,0,0,0,0,1,17,0,8,0,0,0,4,1,2,3,55,0,7,0,0,17,123,0,3,0,0,0,0,0,0,4,117,0,0,2,18,0,0
2026,10,三重県,0,0,0,0,0,0,0,0,0,0,0,0,0,0,0,0,5,38,0,0,0,0,0,0,0,0,0,0,0,0,0,0,0,1,0,0,0,0,0,0,0,0,0,0,0,0,0,0,0,0,0,0,0,0,0,0,0,0,0,0,0,0,0,0,0,0,0,0,0,0,0,0,0,0,0,0,0,0,0,1,0,0,0,0,0,0,0,0,0,0,0,0,0,0,0,0,0,0,0,0,0,0,0,0,0,0,0,0,0,0,0,0,0,0,0,0,0,0,0,0,0,4,0,0,0,0,1,1,0,0,0,5,0,0,0,1,0,0,0,0,0,8,0,0,0,0,1,1,0,0,2,15,0,0,0,0,3,13,0,1,0,0,0,0,0,0,1,15,0,0,0,0,0,0
2026,10,滋賀県,0,0,0,0,0,0,0,0,0,0,0,0,0,0,0,0,4,24,0,0,0,0,0,0,0,0,0,0,0,0,0,0,0,4,0,0,0,0,0,0,0,0,0,2,0,0,0,0,0,0,0,0,0,0,0,0,0,0,0,0,0,0,0,0,0,0,0,0,0,0,0,0,0,0,0,0,0,0,0,0,0,0,0,0,0,0,0,0,0,0,0,0,0,0,0,0,0,0,0,0,0,0,0,0,0,0,0,0,0,0,0,0,0,0,0,0,0,0,0,0,1,2,0,0,0,0,0,1,0,1,0,0,0,0,0,1,0,0,0,1,0,5,0,1,0,0,0,2,0,1,3,8,0,2,0,0,0,15,0,2,0,0,0,0,0,0,2,49,0,0,0,2,0,0
2026,10,京都府,0,0,0,0,0,0,0,0,0,0,0,0,0,0,0,0,8,62,0,0,0,0,0,0,0,0,0,0,0,0,0,0,0,6,0,0,0,0,0,0,0,0,0,0,0,0,0,0,0,0,0,0,0,0,0,0,0,0,0,0,0,0,0,0,0,0,0,0,0,0,0,0,0,0,0,0,0,0,0,0,0,0,0,0,0,0,0,0,0,0,0,0,0,0,0,0,0,0,0,0,0,0,0,0,0,0,0,0,0,1,0,0,0,0,0,0,0,0,0,0,1,11,0,0,0,0,0,2,0,0,1,8,0,0,0,1,0,0,0,1,0,8,0,0,0,0,0,4,0,0,1,18,0,3,0,0,7,25,0,2,0,1,0,0,0,1,0,21,0,0,0,1,0,0
2026,10,大阪府,0,0,0,0,0,0,0,0,0,0,0,0,0,0,0,0,11,177,0,0,0,0,0,0,0,0,0,0,0,0,0,1,2,8,0,1,0,0,1,1,0,0,0,4,0,0,0,0,0,0,0,0,0,0,0,0,0,0,0,0,0,0,0,0,0,0,0,0,0,0,0,0,0,0,0,0,0,0,0,0,0,2,0,0,0,0,0,0,0,2,0,0,0,0,0,0,0,0,0,0,0,0,0,0,0,0,0,0,1,1,0,0,0,0,0,0,0,0,0,0,5,26,0,0,0,0,0,8,0,2,1,22,0,0,0,4,0,1,2,3,0,17,0,11,0,0,0,11,0,2,3,60,0,8,0,0,11,195,0,4,0,0,0,0,0,1,2,90,0,0,0,9,0,2
2026,10,兵庫県,0,0,0,0,0,0,0,0,0,0,0,0,0,0,0,0,14,88,0,0,0,0,0,0,0,0,0,0,0,0,0,0,1,6,0,0,0,0,0,1,0,0,0,0,0,0,0,0,0,0,0,0,0,0,0,0,0,0,0,0,0,0,0,0,0,0,0,0,0,0,0,0,0,0,0,0,0,0,0,1,0,0,0,0,0,0,0,0,0,0,0,0,0,0,0,0,0,0,0,0,0,0,0,0,0,0,0,0,0,0,0,0,0,0,0,0,0,0,0,0,0,15,0,0,0,0,1,4,0,1,2,8,0,0,0,5,0,0,0,1,0,9,1,4,0,0,1,2,0,0,6,39,0,5,0,0,6,62,0,1,0,1,0,0,0,0,4,84,0,0,0,1,0,0
2026,10,奈良県,0,0,0,0,0,0,0,0,0,0,0,0,0,0,0,0,0,28,0,0,0,0,0,0,0,0,0,0,0,0,0,0,0,1,0,1,0,0,0,0,0,0,0,0,0,0,0,0,0,0,0,0,0,0,0,0,0,0,0,0,0,0,0,0,0,0,0,0,0,0,0,0,0,0,0,0,0,0,0,0,0,0,0,0,0,0,0,0,0,0,0,0,0,0,0,0,0,0,0,0,0,0,0,0,0,0,0,0,0,0,0,0,0,0,0,0,0,0,0,0,0,2,0,0,0,0,0,2,0,0,0,4,0,0,0,1,0,0,0,0,0,3,0,2,0,0,0,1,0,0,0,8,0,1,0,0,0,11,0,0,0,0,0,0,0,0,0,8,0,0,0,1,0,0
2026,10,和歌山県,0,0,0,0,0,0,0,0,0,0,0,0,0,0,0,0,1,12,0,0,0,0,0,0,0,0,0,0,0,0,0,0,0,1,0,0,0,0,0,0,0,0,0,0,0,0,0,0,0,0,0,0,0,0,0,0,0,0,0,0,0,0,0,0,0,0,0,1,0,0,0,0,0,0,0,0,0,0,0,0,0,0,0,0,0,0,0,0,0,0,0,0,0,0,0,0,0,0,0,0,0,0,0,0,0,0,0,0,0,0,0,0,0,0,0,0,0,0,0,0,0,2,0,0,0,0,0,0,0,1,0,1,0,0,0,0,0,0,0,1,0,2,0,2,1,1,0,1,0,0,0,2,0,0,0,0,3,16,0,0,0,0,0,0,0,3,0,12,0,0,0,0,0,0
2026,10,鳥取県,0,0,0,0,0,0,0,0,0,0,0,0,0,0,0,0,2,8,0,0,0,0,0,0,0,0,0,0,0,0,0,0,0,8,0,0,0,0,0,0,0,0,0,0,0,0,0,0,0,0,0,0,0,0,0,0,0,0,0,0,0,0,0,0,0,0,0,0,0,0,0,0,0,0,0,0,0,0,0,0,0,0,0,0,0,0,0,0,0,0,0,0,0,0,0,0,0,0,0,0,0,0,0,0,0,0,0,0,0,0,0,0,0,0,0,0,0,0,0,0,0,2,0,0,0,0,0,1,0,0,0,1,0,0,0,0,0,0,0,0,1,1,0,0,0,0,0,0,0,0,0,3,0,1,0,0,0,5,0,1,0,0,0,0,0,0,0,9,0,0,0,0,0,0
2026,10,島根県,0,0,0,0,0,0,0,0,0,0,0,0,0,0,0,0,1,15,0,0,0,0,0,0,0,0,0,0,0,0,0,0,0,6,0,0,0,0,0,0,0,0,0,0,0,0,0,0,0,0,0,0,0,0,0,0,0,0,0,0,0,0,0,0,0,0,0,0,0,0,0,0,0,0,0,0,0,0,0,1,0,0,0,0,0,0,0,0,0,0,0,0,0,0,0,0,0,0,0,0,0,0,0,0,0,0,0,0,0,0,0,0,0,0,0,0,0,0,0,0,0,0,0,1,0,0,0,0,0,1,0,0,0,0,0,0,0,0,0,1,0,2,0,0,0,0,0,0,0,0,1,2,0,3,0,0,0,3,0,0,0,0,0,0,0,0,5,28,0,0,0,0,0,0
2026,10,岡山県,0,0,0,0,0,0,0,0,0,0,0,0,0,0,0,0,4,40,0,0,0,0,0,0,0,0,0,0,0,0,0,0,0,3,0,0,0,0,0,2,0,0,0,0,0,0,0,0,0,0,0,0,0,0,0,0,0,0,0,0,0,0,0,0,0,0,0,0,0,0,0,0,0,0,0,0,0,0,0,0,0,0,0,0,0,0,0,0,0,0,0,0,0,0,0,0,0,0,0,0,0,0,0,0,0,0,0,0,0,0,0,0,0,0,0,0,0,0,0,0,1,8,0,0,0,0,0,2,0,0,0,1,0,0,0,2,0,0,0,0,1,2,1,2,0,0,0,3,0,0,2,12,0,1,0,0,2,30,0,0,0,0,0,0,0,0,1,31,0,0,0,0,0,0
2026,10,広島県,0,0,0,0,0,0,0,0,0,0,0,0,0,0,0,0,6,72,0,0,0,0,0,0,0,0,0,0,0,0,0,0,0,23,0,0,0,0,0,1,0,0,0,1,0,0,0,0,0,0,0,0,0,0,0,0,0,0,0,0,0,0,0,0,0,0,0,0,0,0,0,0,0,0,0,0,0,0,0,0,0,0,0,0,0,0,0,0,0,0,0,0,0,0,0,0,0,0,0,0,0,0,0,0,0,0,0,0,0,0,0,0,0,0,0,0,0,0,0,0,1,10,0,0,0,0,0,3,0,0,1,8,0,0,2,4,0,0,0,0,1,6,0,1,0,0,0,0,0,0,1,9,0,0,0,0,2,27,0,0,0,3,0,0,0,0,2,46,0,0,0,1,0,0
2026,10,山口県,0,0,0,0,0,0,0,0,0,0,0,0,0,0,0,0,2,27,0,0,0,0,0,0,0,0,0,0,0,0,0,0,0,17,0,0,0,0,0,0,0,0,0,0,0,0,0,0,0,0,0,0,0,0,0,0,0,0,0,0,0,0,0,0,0,0,0,0,0,0,0,0,0,0,0,0,0,0,0,0,0,0,0,0,0,0,0,0,0,0,0,0,0,0,0,0,0,0,0,0,0,0,0,0,0,0,0,0,0,0,0,0,0,0,0,0,0,0,0,0,1,2,0,0,0,0,0,0,0,0,0,2,0,0,2,5,0,0,0,1,0,2,0,1,0,0,0,0,0,0,0,4,0,2,0,0,4,16,0,0,0,0,0,0,0,0,3,52,0,0,0,0,0,0
2026,10,徳島県,0,0,0,0,0,0,0,0,0,0,0,0,0,0,0,0,2,13,0,0,0,0,0,0,0,0,0,0,0,0,0,0,0,1,0,0,0,0,0,0,0,0,0,0,0,0,0,0,0,0,0,0,0,0,0,0,0,0,0,0,0,0,0,0,0,0,0,0,0,0,0,0,0,0,0,0,0,0,0,0,0,0,0,0,0,0,0,0,0,0,0,0,0,0,0,0,0,0,0,0,0,0,0,0,0,0,0,0,0,0,0,0,0,0,0,0,0,0,0,0,1,3,0,0,0,0,0,0,0,0,0,1,0,0,0,0,0,0,0,0,0,1,0,0,0,0,0,0,0,0,0,2,0,1,0,0,1,5,0,0,0,0,0,0,0,0,2,13,0,0,0,0,0,0
2026,10,香川県,0,0,0,0,0,0,0,0,0,0,0,0,0,0,0,0,3,17,0,0,0,0,0,0,0,0,0,0,0,0,0,0,0,0,0,0,0,0,0,0,0,0,0,1,0,0,0,0,0,0,0,0,0,0,0,0,0,0,0,0,0,0,0,0,0,0,0,0,0,0,0,0,0,0,0,0,0,0,0,0,0,0,0,0,0,0,0,0,0,0,0,0,0,0,0,0,0,0,0,0,0,0,0,0,0,0,0,0,0,0,0,0,0,0,0,0,0,0,0,0,0,3,0,0,0,0,0,0,0,0,0,4,0,0,0,1,0,0,0,0,0,4,0,1,0,0,0,0,0,0,0,7,0,1,0,0,2,6,0,0,0,0,0,0,0,0,1,18,0,0,0,0,0,0
2026,10,愛媛県,0,0,0,0,0,0,0,0,0,0,0,0,0,0,0,0,1,28,0,0,0,0,0,0,0,0,0,0,0,0,0,0,0,0,0,0,0,0,0,0,0,0,0,0,0,0,0,0,0,0,0,0,0,0,0,0,0,0,0,0,0,0,0,0,0,0,0,0,0,0,0,0,0,0,0,0,0,0,0,0,0,0,0,0,0,0,0,0,0,0,0,0,0,0,0,0,0,0,0,0,0,0,0,0,0,0,0,0,0,0,0,0,0,0,0,0,0,0,0,0,0,1,0,0,0,0,1,3,0,0,0,1,0,0,0,0,0,0,0,0,0,6,0,0,0,0,0,0,0,0,1,4,0,1,0,0,2,13,0,0,0,0,0,0,0,0,3,39,0,0,0,0,0,1
2026,10,高知県,0,0,0,0,0,0,0,0,0,0,0,0,0,0,0,0,2,8,0,0,0,0,0,0,0,0,0,0,0,0,0,0,0,1,0,0,0,0,0,0,0,0,0,0,0,0,0,0,0,0,0,0,0,0,0,0,0,0,0,0,0,0,0,0,0,0,0,0,0,0,0,0,0,0,0,0,0,0,0,1,0,1,0,0,0,0,0,0,0,0,0,0,0,0,0,0,0,0,0,0,0,0,0,0,0,0,0,0,0,0,0,0,0,0,0,0,0,0,0,0,0,1,0,0,0,0,0,0,0,0,0,0,0,0,0,0,0,0,0,0,0,1,0,0,0,0,0,1,0,0,1,3,0,0,0,0,0,7,0,0,0,0,0,0,0,0,0,12,0,0,0,0,0,0
2026,10,福岡県,0,0,0,0,0,0,0,0,0,0,0,0,0,0,0,0,15,145,0,0,0,0,0,0,0,0,0,0,0,0,0,0,1,6,0,0,0,0,0,0,0,0,0,0,0,0,0,0,0,0,0,0,0,0,0,0,0,0,0,0,0,0,0,0,0,0,0,0,0,0,0,0,0,0,0,0,0,0,0,0,0,0,0,0,0,0,0,0,0,0,0,0,0,0,0,0,0,0,0,0,0,0,0,0,0,0,0,0,0,0,0,0,0,0,0,0,0,0,0,0,1,13,0,0,0,0,0,1,1,1,0,14,0,0,1,6,0,0,0,0,0,19,0,9,0,0,0,5,0,0,1,28,1,6,0,0,10,116,0,1,0,0,0,0,0,0,1,75,0,0,0,1,0,0
2026,10,佐賀県,0,0,0,0,0,0,0,0,0,0,0,0,0,0,0,0,2,21,0,0,0,0,0,0,0,0,0,0,0,0,0,0,1,3,0,0,0,0,0,0,0,0,0,0,0,0,0,0,0,0,0,0,0,0,0,0,0,0,0,0,0,0,0,0,0,0,0,0,0,0,0,0,0,0,0,0,0,0,0,0,0,0,0,0,0,0,0,0,0,0,0,0,0,0,0,0,0,0,0,0,0,0,0,0,0,0,0,0,0,0,0,0,0,0,0,0,0,0,0,0,1,1,0,0,0,0,0,0,0,0,0,4,0,0,0,0,0,0,0,1,0,1,0,0,0,0,0,0,0,1,2,5,1,1,0,0,2,14,0,0,0,0,0,0,0,0,3,7,0,0,0,0,0,0
2026,10,長崎県,0,0,0,0,0,0,0,0,0,0,0,0,0,0,0,0,6,30,0,0,0,0,0,0,0,0,0,0,0,0,0,0,0,3,0,0,0,0,0,1,0,0,0,0,0,0,0,0,0,0,0,0,0,0,0,0,0,0,0,0,0,0,0,0,0,0,0,0,0,0,0,0,0,0,0,0,0,0,0,1,0,0,0,0,0,0,0,0,0,1,0,0,0,0,0,0,0,0,0,0,0,0,0,0,0,0,0,0,0,0,0,0,0,0,0,0,0,0,0,0,0,1,0,0,0,0,0,0,0,0,0,2,0,0,0,2,0,0,0,0,0,0,0,2,0,0,0,0,0,0,0,6,1,1,0,0,0,7,0,1,0,0,0,0,0,0,0,4,0,0,0,0,0,0
2026,10,熊本県,0,0,0,0,0,0,0,0,0,0,0,0,0,0,0,0,1,26,0,0,0,0,0,0,0,0,0,0,0,0,0,0,0,0,0,0,0,0,0,2,0,0,0,0,0,0,0,0,0,0,0,0,0,0,0,0,0,0,0,0,0,0,0,0,0,0,0,0,0,0,0,0,0,0,0,0,0,0,0,0,0,0,0,0,0,0,0,0,0,0,0,0,0,0,0,0,0,0,0,0,0,0,0,0,0,0,0,0,0,0,0,0,0,0,0,0,0,0,0,0,1,8,0,0,0,0,0,2,0,0,0,2,0,0,1,1,0,0,0,0,0,5,0,0,0,0,0,4,0,0,0,10,0,4,0,0,3,33,0,1,0,0,0,0,0,0,0,13,0,0,0,0,0,0
2026,10,大分県,0,0,0,0,0,0,0,0,0,0,0,0,0,0,0,0,1,26,0,0,0,0,0,0,0,0,0,0,0,0,0,0,0,0,0,0,0,0,0,0,0,0,0,0,0,0,0,0,0,0,0,0,0,0,0,0,0,0,0,0,0,0,0,0,0,0,0,1,0,0,0,0,0,0,0,0,0,0,0,0,0,0,0,0,0,0,0,0,0,0,0,0,0,0,0,0,0,0,0,0,0,0,0,0,0,0,0,0,0,0,0,0,0,0,0,0,0,0,0,0,0,2,0,0,0,0,0,0,0,0,0,2,0,0,0,0,0,0,0,0,0,1,0,0,0,0,0,0,0,0,0,5,0,3,0,0,0,7,0,0,0,0,0,0,0,3,1,18,0,0,0,0,0,0
2026,10,宮崎県,0,0,0,0,0,0,0,0,0,0,0,0,0,0,0,0,0,23,0,0,0,0,0,0,0,0,0,0,0,0,0,0,0,4,0,0,0,0,0,0,0,0,0,1,0,0,0,0,0,0,0,0,0,0,0,0,0,0,0,0,0,0,0,0,0,0,0,0,0,0,0,0,0,0,0,0,0,0,0,2,0,0,0,0,0,0,0,0,0,0,0,0,0,0,0,0,0,0,0,0,0,0,0,0,0,0,0,0,0,0,0,0,0,0,0,0,0,0,0,0,0,1,0,0,0,0,0,0,0,0,0,0,0,0,0,0,0,1,0,0,0,2,0,0,0,0,0,0,0,0,0,3,0,3,0,0,2,11,1,1,0,1,0,0,0,0,1,18,0,0,0,0,0,0
2026,10,鹿児島県,0,0,0,0,0,0,0,0,0,0,0,0,0,0,0,0,2,33,0,0,0,0,0,0,0,0,0,0,0,0,0,0,0,4,0,0,0,0,0,1,0,0,0,1,0,0,0,0,0,0,0,0,0,0,0,0,0,0,0,0,0,0,0,0,0,0,0,1,0,0,0,0,0,0,0,0,0,0,0,15,0,0,0,0,0,0,0,0,0,1,0,0,0,0,0,0,0,0,0,0,0,0,0,0,0,0,0,0,0,0,0,0,0,0,0,0,0,0,0,0,0,3,0,0,0,0,0,1,0,0,0,0,0,0,1,2,0,0,0,0,0,0,0,0,0,0,0,0,0,1,0,8,0,0,0,0,0,13,1,1,0,0,0,0,0,0,0,9,0,0,1,1,0,0
2026,10,沖縄県,0,0,0,0,0,0,0,0,0,0,0,0,0,0,0,0,2,43,0,0,0,0,0,0,0,0,0,0,0,0,0,0,0,7,0,0,0,0,0,0,0,0,0,0,0,0,0,0,0,0,0,0,0,0,0,0,0,0,0,0,0,0,0,0,0,0,0,0,0,0,0,0,0,0,0,0,0,0,0,0,0,0,0,0,0,0,0,0,0,0,0,0,0,0,0,0,0,0,0,0,0,0,0,0,0,0,0,0,0,0,0,0,0,0,0,0,0,0,0,0,0,4,0,0,0,0,0,0,0,0,0,2,0,0,0,1,0,0,0,0,0,6,0,2,0,0,0,5,0,0,1,29,0,3,0,0,2,11,0,0,0,1,0,0,0,0,1,9,0,0,0,0,0,0
